image_00000 438 327 469 365
image_00001 438 327 468 363
image_00002 436 324 469 365
image_00003 446 329 467 359
image_00004 445 326 466 358
image_00005 440 328 469 360
image_00006 440 320 470 358
image_00007 443 321 472 358
image_00008 445 320 472 361
image_00009 437 315 474 360
image_00010 436 316 476 361
image_00011 435 317 480 364
image_00012 434 314 478 364
image_00013 434 314 483 364
image_00014 436 308 483 365
image_00015 433 308 480 364
image_00016 434 311 485 367
image_00017 432 312 482 367
image_00018 438 314 484 369
image_00019 435 312 485 368
image_00020 442 309 493 364
image_00021 435 308 496 368
image_00022 424 301 500 369
image_00023 431 302 498 368
image_00024 431 303 496 366
image_00025 430 304 503 367
image_00026 431 302 499 367
image_00027 430 307 497 368
image_00028 449 298 500 364
image_00029 448 299 500 369
image_00030 450 297 500 370
image_00031 456 298 501 375
image_00032 452 298 503 375
image_00033 456 298 503 373
image_00034 452 296 502 374
image_00035 459 297 503 374
image_00036 454 294 504 377
image_00037 457 297 506 375
image_00038 458 300 506 373
image_00039 454 299 504 377
image_00040 461 298 504 378
image_00041 455 302 504 377
image_00042 453 300 505 378
image_00043 454 299 507 377
image_00044 473 280 516 342
image_00045 468 286 519 337
image_00046 471 289 514 334
image_00047 471 289 519 345
image_00048 468 288 523 341
image_00049 483 290 516 336
image_00050 485 290 515 333
image_00051 490 296 515 328
image_00052 485 291 517 334
image_00053 490 296 513 321
image_00054 489 298 514 322
image_00055 492 297 514 321
image_00056 491 298 511 318
image_00057 488 296 509 319
image_00058 492 298 509 317
image_00059 490 296 510 318
image_00060 491 296 509 319
image_00061 490 296 507 314
image_00062 489 295 504 312
image_00063 489 293 507 315
